804607222843572234
805411400151334923
814723357819535380
830359965008658433
830525693934829628
805411400151334923
804607222843572234
805411400151334923
804607222843572234
805411400151334923
804607222843572234
805411400151334923
804607222843572234
805411400151334923
795418301492494336
795418301492494336
795418301492494336
795418301492494336
831925268175257620
628477401281593344
704000490563829861
822927415403479120
788723002526662687
465548836404985877
817393661574381640
815529918753669123
442730480178298880
674680111877980162
745990420353515570
826072924329869342
812410929874337832
766732344324784161
815308488078786622
665643758901133317
817108960691748895
813144995359358977
802598407646216232
546359295709544448
772889631627804692
760902275954245632
321003694785167372
633325781816180746
800849857270513715
821824120769216513
799258756440784916
453817648472522765
764521237807628341
609149085777133568
825369330115149835
531163811105996802
391909744639737866
501351919340486659
730208243753811968
517384588482314240
703642856031780865
809342737459052575
775390795485282304
788517972493991986
484400002353987636
693144562578751498
816406896184655872
806616942885863484
503577675923980319
696754921541992569
571766612097630228
721379220978139237
387241718065528832
458276816071950337
824250541899120642
824024615142817882
822004447646711838
724888390566150154
393723369402662915
788448900146790401
780157392264495134
629891067650637836
797869336743641090
768547119795535892
541173036393693205
783329873350754304
556568195050373139
336045563587854337
807299997582360597
777223286315679744
776518818448670760
821667405361184809
703567864627593330
510890653555884033
815885334075408415
803553150362583052
738303632939941959
417973917286662154
805970622316281926
454302492805693451
825496556798345266
750671592907997184
694697021487185961
830935712521519134
820088648896479243
580450414038876191
760917713073078292
824274356711981116
531605274327384071
783208408614305842
825768345948913664
263686294343909377
818846805516615702
731543422954897459
692314800168108043
729009053111550084
706590925727727676
710082683761459200
701024800688308316
767109111850336267
823867079345176587
751804509474390047
576706283890147328
817665764395712533
799320554053828618
632300118741090324
579239556755488788
828469114720878614
794233178356580392
827930652317450290
811222584775278603
787091057695391795
689791584002244732
604396499077431307
813077661185998921
691774676245938227
829510245591154699
667347056821665793
234395307759108106
771424914905235457
615297925328928769
662595043743498240
794322215323041793
760085841594155071
722001457577984030
177032770755887104
830861493490024458
787046727143391232
769877084210200596
507963264311754772
640160172626411573
805005627055013888
758662190541832254
803248893366108172
808246825932554261
668493014603137054
691642958876901422
788068936880357397
796086111976947722
709692359503380530
791415548139274252
784003973849284638
805160980480000023
700589924516102144
672144684088295444
660404508005892117
462517283370172426
579372650988830753
641677089858388027
799736823068885033
821876008638611466
266240333652688896
204255221017214977
758957571821273139
807358623206473758
473928422033457152
568399603590758400
647871901997334529
782262024981053460
795418301492494336
794235127261691955
585724598608330752
777646887476920360
809885544289009694
799598919876739122
828698311447412747
800132133745721445
819489571141320705
308240816558833684
325912952525946881
708333324640190534
663098515123208193
689818120923381808
639531375464284160
825351658253844480
538685772065406987
618019281728307201
780028486076596235
826032060094349323
825647990499835974
724317141683273749
469610550159212554
404753161358671873
765598341689376788
813334028648316988
677251735563010119
578964901058445342
773492044013502484
696341033029468210
808215424977469470
554649987250913281
733398730975215626
822186168551473202
273168237099876352
755132355865346058
819980666192134184
827961985395589173
777832967288389632
726808436825653296
794398455510073345
802051166196072448
793978457230802974
734871230691147818
800737646061944863
761673204833058887
698492385486831666
809934079386058752
826828047251537920
773512201352773702
727272473409617971
751433192845606993
697222178973679647
801143022968242227
811553256525922325
688087290702069855
604396357960073227
777998411436654672
793511919734358016
787624233554804736
762348192632143902
786641808339501057
626040885989343235
789767891624132610
789211495179223090
631760251791736852
253539738290618379
790155421465444362
810491310841528380
806458773438070824
806537459012730882
784605568295763968
301861397661483010
753928491711332362
766732800354156585
664095006105141252
783746185835577425
827871999904448582
407546257444306944
769627538145804330
801355021303676949
794235582426513448
600235228413296650
818212515921657899
805515166468145232
760081531808645153
805191478083190794
495649498643562496
694946716025225336
787023663835906059
825799887123513431
669795683665969173
547128527854632980
571775702723198986
351916242145247234
611474101734735882
760970220977258576
822015705771671562
639829906682806295
783580873311125515
762256408259067905
668099892081852426
664882036506624010
503229518396391434
590656782968291386
687268943953788960
823426248549335050
564167611852521582
723675223563567145
771364728714821683
509799055438774305
506122339646439424
761301522067619840
762295386357760040
745583016289501305
773171768268554291
598969424007135253
706510992452091985
553505447232143360
695021826950037556
704409837274136647
804669884428058645
411193876578172930
416358583220043796
766550428963176458
740952779119657081
793533213552410644
793381034355458078
781934749781327962
771125474529247263
758303523011821589
786298401058717715
684803413908652131
703136257953366026
467361969847009280
310402973710680064
784175494504644659
739891563563450400
810883134265622561
716967712844414996
802456129300201503
621389848007147520
472086123032870913
705850462989189282
786487808226361346
815056885367177248
829627710971838475
646260621016432651
426813803888640000
827455143612121119
789768071237599252
751083541726494783
823447535082274816
763369100797804575
490880243499008011
793091526254133280
351099053976715264
660048993103118377
774963305890185217
259783635689799681
818894518538993674
773536240150118421
699196722680823850
743389647350005791
267595669739405323
789920402000445451
778908204934627329
661605500781199401
638063083637571594
460031071724240897
584468593119330314
655379557381308446
702568135550697594
563723549982982146
719207020271763458
615562816622952517
559393143485759489
447368964826464256
727098533836095530
824032721054728213
818583210136829993
781216125446520873
680809724102312016
797091088388194305
472046209293352960
744576778537926677
737648067003809872
558348952206966786
778862700805357580
172002275412279296
641687196172025866
450028502402596864
775795929042386952
235148962103951360
788653756484812800
669551147660476423
272092416243269634
571006543420588032
390220954133069824
374451435825397772
831590234428276757
776824852027408405
542259779297345547
677923378841255966
543426887863500830
807691163057258576
821130771355402260
757195409549557852
830626910731632702
491769129318088714
783791452948922438
512996422501793793
793189053662494750
804051392741376010
419459485841620995
785261941534359622
427168819732021258
724650210009153617
734737115589378050
815839979879661578
757180290627010560
436604192702857227
784489555922255872
691729034194845737
699645193980477532
282859044593598464
473410272019873793
477859401764569119
824893756573483038
807695591475642370
779453989707448320
782646501074796624
798667983086026794
609144698308919326
464138699576442880
735480171989041165
302050872383242240
786650260151337030
560746555276263445
398521123878338570
803897502583095327
805807788344999976
654617883896315907
696711237681283083
453982706309529601
793191282569642034
578103949807190036
634261068344066078
692649438140825650
617075147848810498
752920139871158432
800299355231354890
827955550528077844
760410339061137459
707317323333107742
788379868609904640
664874913726726144
424990347970478080
819251176963964989
726470545461477527
525811050096885771
688396719473426483
410740181541453824
817732734734434324
406532418573697025
673522153924067348
811639952575037490
774354193715691560
765942163723911199
789062024834842697
699586406363824158
779597021651927103
810816585152331806
602929894837714944
824383310784102421
700624928721993809
670732782778974238
699737197598998560
730067834356367381
818553134417838131
804607222843572234
801602550653911071
828319069077110855
521712961040154634
824373324763234324
810075382421258260
311919561953771521
697798932767703120
713433590326755408
728898012222324768
235088799074484224
827985821386801182
808719784959017001
439167780638687233
814204716225527838
816882585296437268
818746365621305364
829092200863760394
420574661009604608
805518706099879966
515878103600594945
261791506912903170
789174871153311805
596733867071897636
824289168858939452
553132548759224328
739423788302729239
718072291917037618
664535072837337137
287940191946276865
481502282081632278
812396728132173845
590615141683298334
701805163375231017
465253671773536269
692827933651501139
777220035789717525
625683706807582721
702874997227520052
821678712831213600
511108962586853406
712376861962928128
680110868020985917
814723357819535380
819493384112177192
665050066674778132
641344072874983426
438356170567188480
776829088354664488
627512342338469899
690706149464473620
754596416499744769
808688325325488138
757990860528025762
759446014402363432
779014473410674720
822129918417698847
821388193525661766
809827892359856130
421324050493603841
708045268372947044
781119276840910858
670707236644978709
805159127122444308
764111995535491073
527922667018256406
791182035170361375
779245994838851604
805575562432872528
650026032019144708
591273789489152000
779052580009148447
797840059923562507
385822649416286208
717702570726129746
366461966090240012
799698542746796032
823702562254356560
802485063899676683
790289074048335902
704986049260027994
758682731365400677
339719989869281280
643100789237219371
732127237968494613
529728991125438486
704985661660332142
438005172418117632
805934157985349642
757626203136983171
762232822592831491
815586115342958592
780865078589128794
808244315636891648
649604306596528138
689040419274620930
785849288852766720
825397744025337897
785206012062728254
817876799269896262
801089388044877874
823300798464917544
791733487466971177
820674244705910784
786997937510809621
824631061812084747
754299066015547442
703321496797577237
749221175099654164
826547471597043742
794912343288578110
809375949887373323
819252349440360488
820242719519408179
821107537804918835
822528657955356712
826344142077952012
795418301492494336
795418301492494336
795418301492494336
795418301492494336
435906728991653918
428609008908238868
448851092827275304
764212924607889419
831010450002673705
820445605368561665
712400282092568577
811002551360553000
432151021351993344
456219322491207710
489490311693860884
176221611354095616
326476281145458688
828364574189027389
410864707218702339
184913666674524160
266870635907514368
664116635313111071
710876259651026956
825272384168788018
415116484436688908
729421000575287337
715944221537861664
539236969528688650
576574689409761290
683414521439584297
609073658924630026
591306023663304757
463129672956248084
726867325571039232
283345347072229386
649468762809958430
310114377720266753
353972205937229825
209081125002412032
280681639347224576
781716185703252018
543891504423239681
403253236968194068
751898700803997829
676665883602583552
672211362520236033
737724260570890290
832308148932051034
738194438161170473
831471663186051126
480166489458999327
260792577576402944
326093379618340886
184283754108420096
775495351426613260
446988287077253120
201425957641388032
702668478968102982
297665621188149259
768071017230368809
831283678087741501
371695966065262594
785913645850165248
777978862503067709
500691000969265154
398481114530054154
717355644667166731
582146342181273610
356970287960555531
750120298174742641
502451931432615955
788337036213485568
719012998106054678
593568065124302848
798168811345936435
832006133031895162
829612928599720006
302157788367552512
811630955118854177
707700779368054825
244558734871756800
826596724445151235
816420329328345169
831853740360204328
609407643286765600
448575024593371146
828473782813065227
742123795136905306
812970361369001984
824868544587759626
617240893245620225
747291721737568307
653173967745581066
832210557556752446
693882243353149453
832049969963728956
746052996030529618
764471603059884094
566891364613226496
797226635283398676
319908057293389824
715386944531464212
316278472509227018
245084127219417089
476674625573486593
797389521285021696
772528797878190120
703005413112545301
478551000106532869
718197232222076958
778063220727480352
702365847192338505
830330961845157949
476909763368845315
788170092717670411
802340983659823124
816358026809573427
781001468466692147
493590264775049227
714177822922375189
581350356781367321
396478065208721408
823840596380090372
110503608885207040
820689918971084830
829684327553957924
832302664283979828
735324854345007175
776042075904016395
497988201072427010
355884588213469184
780613128470921257
809328758267183144
377859038957797386
824357778897895434
665420584057831434
823392387560374295
774976748000641024
345597185850867713
719621041252466780
767888019033554945
518840196062511134
815351325273227264
794503580731441152
826640242416549928
737692278176612402
816463273800237066
743243256111956068
699521019156758569
230447318686498828
826338351657385997
822018718048452616
529434239997968392
828586995218907187
788952322620915713
547783245966868501
543824927296323590
818273777363189760
737871139887644743
748915863666688132
603072432345055233
829894311847919616
823664740076093450
582352682694475786
801616455752876033
220720418577842179
788141007233482803
448601719824449557
822053262949482506
660061486894284830
801053696162922527
691041134264188933
799019814772932619
417542744911773696
828153473211564102
485913375713394688
453075111059128322
803355791700131881
701947499451121736
811892668019245066
690050451722600486
820097919046385725
325057860927094795
832019888846667797
800636385194934273
795047666450956288
831979737420136449
831584416747749427
831685842544230400
737359751423328256
599757375607406643
832220337562714132
832171606067511337
746953999898640394
218393744171335680
783373002225745930
821866543846522920
806923459913449472
825780390140051456
605549170073272350
610493805942276116
680257515635998744
824828338429231174
751494019116302446
823255184284319796
820062636439371827
533352720619536394
181241970855772160
814854355994935296
501525644983926804
604062912713064633
829465021574545470
829066421047787561
764582691378692157
784387613968433172
762778159627370538
776266349444988949
676609204529790998
647078780661268483
428368318370414594
830835780679237643
470773882295418891
795501874752126976
505780569250988032
676121706586177547
754502230706749533
770785935016067072
805629918553178142
643677401364168715
360923671344185345
548332793835552779
275446131985743873
707703712520601600
828298779480424458
832289720067031040
827503454934532107
830903434877861928
815531568734273596
827397436388540439
828077986783690803
690879978153312297
531613286257393687
825963933503717407
812958284532285440
790415751013597205
647978732153470987
832182313131573289
662814651045773323
773229993857384498
687002638134280294
524662214708166668
679829516280922117
750942070172024832
602868864052756501
551493531391492097
729242067360022538
826906536088829972
823672194310864957
814605668727390248
485817077727232002
751413581756760084
719357601556725810
205921860804804608
831081869113819186
285899923575013378
830977919160549486
829816015251570720
820023738800013313
659904851190218764
827337905081024512
751921654741073942
764714840207392829
710846126001094657
578731299917922343
746637141068611655
761711772892921896
463167839294193665
334073793905557517
346579485606543360
398183044336451595
746851427464380516
826635191228432385
819600077412368395
791202850109128704
534258327056547860
748534271110676500
512512051411681292
832034358134177853
682229316615929856
595938690337865747
832078587069857837
799067510250012683
758572388748754944
718585903911796857
297034972441870336
829645785028362260
825852873023815701
447367266321956875
537106223204532225
370685693216948224
725554425686523925
831538034864160769
828951593579315230
569294465462697987
627991922350227476
429193723612495873
829247139401826314
823016392168833024
478757726688772097
690311106937487370
493043290761854976
823744402936823869
832230391409672222
727371067588608010
713032377395314719
780884985698844693
532335543598579713
732314834913329254
669051520163250188
827355728029024276
692619884911263824
806483432057733141
555253795945185281
807011572487553026
605841820961734676
790457699414048769
652510200594432020
817039439754690560
754297971440353362
831860809113927710
827142285878755341
805887313933500467
716207851323916299
823463184274030632
803046785667825704
766438222263091221
721456894371168256
747156639471370311
827973698740289616
780295259627847681
782169870388690954
798562546558828594
737707935978881096
744632390789365774
736948384052674601
707743472861446167
825241323404656652
792199749662015528
828310212023681105
819245968662331412
798421284849319996
821786140649979914
827551364137484291
802418928454205460
502954988297781269
632219150822932510
822303050608803861
499184188289712129
684471600216670216
795918149873696798
832148052198424596
830320180961869876
760083807835127829
832128463678603266
762246896453812224
548099232813416478
832207372038045697
825963047847854121
195315101417340928
818092067254697985
810991330363965451
712507786944184360
770881464278843392
824897504759906326
817856152968364034
529794387094405133
819254799588524063
791472295461519401
690719009108131921
827369848539316224
359926098240208920
343846852048846848
632721149301751818
484544285992026135
828062888199585852
785299939642179624
307321837044629506
335817007914024961
746218483016269905
503651897551618049
329044567775248384
819846608966778882
821554046233215026
348917838498758666
803323907863085056
831750437446483968
824675230998986803
813388666738835498
827683914260807702
803008421493997589
832070941751902239
568869657822625809
540002780249587714
823921424355950592
825181017185845339
821385765938004009
744934934396796928
819236817492246598
642856569415008290
621056575901007892
831917954161573918
275961779664715787
703663192793940051
770333583470362665
631567438080770058
828804581256593409
795805441145700364
717446592134774885
486300287523356672
759611750919438356
829160260177756231
543897729445658635
796684331660869634
772924073104900148
385631533635076097
684601513829859333
827558350144143380
832030267681275904
812343979868946444
808443059670745118
832293093789270061
733117115837710439
651908837921783838
757793292049055804
832104783602122763
820110591246860309
451252508585623562
626895751389249556
786650434424406016
767886074386055219
800834883609559041
805545284003430422
818123772673392642
809582916697980980
758210167765598288
432369756771844100
832136613327929404
606741996844875776
689885058349137948
543084395544707072
786257992957427782
665300220032057384
535133217523630130
318722409136128000
754564671201345626
759843937434468363
673138585058148384
578389759236243456
758685968382558260
825283542917316628
807010134655238172
481277085550379017
711925980276457533
775556287655968801
666059584242319366
736272869968838666
783216808387805184
792684488907423775
667520309263335424
831562909329915921
831977963314217011
747974892917489785
812902972509519913
593835846059163661
830300834222964736
416036097408106507
829360510402166805
463989293367689227
831751733423374357
686297506136719422
823513858463105026
704914970101547080
740511506872926258
694428328278360084
803144409239126016
495647939058860043
832074193519771659
820863683835330560
461048558821310464
751330966936748104
829153551488909323
339470772126875668
831197523405438996
829507801440845845
780902709380251690
806797385081946113
806676169188573256
738155606434906192
688027138850291806
708141997151748141
809509116510076939
828369997817446430
810278248651030589
831124640163954729
802070072834785302
810082490881671178
812653400217878540
831976806134841354
518572368499703836
811732928257327196
808655865087393802
830335291591622677
831791843078307880
518582936564662275
831348792183226402
800344787319521280
819318256924885043
771207807898484746
806085550553169920
716170047994986507
442415388374990848
769195892506886184
405403799637852160
831565574285950996
328860906782195714
583001370765033473
720714904977539165
756391346050433077
802384174635024384
435307143391084546
666330084927340554
826131816188477470
528749123734863892
830553037142622218
507682570696392715
625715352617353227
829068691760742471
826040205043564554
829431695638790185
429735973929222165
347227531268587520
829176999913193502
533715965645684757
773374676897366038
695021901013319680
663822288235397160
478397293540933634
827416014802649109
614374282998579212
723315314183372902
639697375451021312
358705600374374431
572957099890573313
828429235567329331
455642689694597122
828015391950897202
771405400682528778
829035671767351296
657329628884762654
832267637450866768
791663386538672138
764288638149197844
450175899338539019
586677878993846293
832021695535120406
654178067392102430
767871014737543220
821284553624125440
813654225375461396
793687039345688577
743973216388907039
518497484960694282
761004427246567486
832266615822614548
787138419561201714
749044575003344927
481810473478651904
393183355149090836
813026746675888178
740460077361922129
740314141579018321
723579623316914246
824928771974758423
794686762692771870
791489426509135942
677305403591360552
761233520268935238
761657287944175638
823595023761014784
831750930910412831
824480578324791326
489533815283384320
653439033661325312
646875860808499210
761856204065996813
361679624096317452
139100020619214848
722040114414354442
735830746878443573
739720539785920574
810037591432495124
778789863612874753
722834279629062227
751445727217189014
809032770894561281
828619143379943477
481769020090220544
823469989206032405
831989913481248808
553248869182603314
804000682256498698
333435904179961856
830888855862902795
789875037288398859
832008662339289128
766099533666320435
793067907289710622
779663977970008095
822625717031403542
824708916650835968
827466024962097172
831284305820254248
472516692245741568
744365489316298832
832009082336182282
778287279462285312
438909315231776778
139902535732428801
832249351920287745
455605382002245633
714710472808595486
464253035967807498
793162042839269377
743140266998759565
808862968422989854
825657310684512267
831842584027987978
827295623375224864
795217325191856139
694588270088028272
819010926031929345
527196440385159170
737289268954792006
375714362486423552
820656534945005599
831168649779216424
733411313341956148
826511912602435675
186821072237101056
831987567670722602
832038753413365802
824762702345142343
655872722999443486
825232836419911680
403635613217062914
813561731032940576
671824678721159236
794545855590825994
730421987066904609
385470546311249920
798424674677424148
831975872139100210
771998087618363410
824119801667911680
729582087019167774
805402256287596584
748144292664574033
805303169437532160
606715970463203328
747437498493566986
683541026618736691
711356209059332206
394019914157129728
607074608163586090
635458332139716608
810267804212789269
814526130014650458
795511453385228309
829102531409608784
825944323400138803
727502930093146133
740169097970712656
778443665033920522
506088058957987840
429202805673426944
744958592905642107
687514452396212258
699291097087868940
793969671106723860
564000483627237377
765936974132543528
740496919230677012
747372015001927711
801213180310716426
812351326746574868
714197182370283612
803728698611335229
819131066891108392
763792295622737990
785648925763436595
601182992995450900
764407202882125844
753925436744138762
748369548893225021
772756650297655327
759048179026100325
820941407665127427
580577350102810634
809539994120617985
763822948959518761
739714120294596690
794154502508511243
830703336499576842
756173067792941106
720024199791378444
473370418007244852
412941627259093003
743139896608292945
817395969057882163
757078081126137961
827233661849698334
718513979768569966
702733803747016714
811564188228911124
548169514664198144
690802375337967656
465148783798255616
706025764352557067
603541055530598400
756510416716300308
733408744448327702
761474201860571146
730305132390121532
682951054270529546
722795641042108437
769183795257147412
820944521197387806
637889173860384778
702302009860161642
777505758107140116
813979403998330952
698281258626580623
468187355895955476
771379808843726848
720713750830907522
800504340946223134
786840953993297930
764419781838635038
706713363434176603
774923854673739797
564918773623029806
806628726011854918
764202328894734407
795511000987729920
778092238407991336
754448075212324926
519266990368751617
690898428989014016
548242795203395584
723659920267804822
775259543512547359
752509679539585026
582580556320079873
821619441573167135
277752388289429505
738836667263090799
812785580286803989
812935577716391977
458276816071950337
812216413917413378
697299480818483271
767685889856897025
656005448742207488
722517922739912706
819411197618159616
471420740814503956
763969668271570946
623491166704500747
695340035175612474
755386328098799686
747335677095575594
802532856190599198
723398292028915782
702502467677454358
806461235402637343
545920573386260480
742306746877345813
774584603872722975
686198183130562570
788907239116767244
755430913026031638
675375918960738326
764708638169497600
647513505204797443
758208382892769280
759314002747850752
646738225217536021
816791124583776256
722798418728321085
825929214406164510
725042125971914874
752720296632385678
197473968549003264
808689069868843029
755688531073957979
575785732766040086
809356472534040576
808213946283720734
277138364077965314
749886515429113990
752583099174486118
762830842673496074
675433036652740619
774560512348258344
668718430068670465
806058165271527435
377156422972211200
781106293607497749
744806244178722896
773086183277985832
711751679501926430
818865715258982479
717049489235509348
717325798373064714
779198169056804885
777619119863627827
561208890394673162
779696286198661120
789158679323738163
720379330131394651
742717843598213211
756837993188294696
772825902085570601
657674664600141824
828315952416292874
821042575330377758
704285731526279188
792062413230440460
505691864142184470
790517387606097931
793866787531784223
810076486869450762
763078364155740161
703921709648052265
831162608887398425
697403684023435295
809993004579553331
738046595278438503
408199634851201025
733646287089696769
811671932209856553
796014132150796289
791192833150156870
434713718589489152
706444154158317640
718678939253473283
647979524608491521
797478394715176983
777212829190848532
730899970575826975
711182885515821217
759009252126752778
708387691892310238
753334794791682160
830207371379998760
822331077405966406
732737349481398313
740860457623224390
322726339360587815
597748235024728064
486686678313074705
804067723126112256
348442613084454925
651480861556080668
781345281790050325
776706080620937227
797096991522947093
803668094815174727
798516283519270923
801860232216182845
571764977531093013
705256895711019041
696342522145800253
744947658770350149
689686803254738958
777510990345535518
773215142850199581
554610634118004737
815356328817852417
753895758826176572
618188476361474058
217291917652787200
772611203713204286
580850824658288670
818998804878458920
472344848058286090
198626139852374016
820963349855862794
779228269165674496
350658069060911105
257132493713571841
801571453975396362
803265998995980319
655467408395599882
761416489919840317
814969059841277962
725997184893583440
770331704312594432
818966184279801911
736532587870289920
724324945001316444
455412431947169802
789576296882896947
702913755792670748
579379086170914857
809359379815596033
671869701818941492
824642078571102218
670579450139770891
552207521469693954
791273942685581312
745635439364538379
597363065075269632
721831488743800882
799289527268933653
743570741076689075
714131970895904818
730025383688142859
484182350322860034
782590363340636210
788617298419384341
714576232062255137
608762435628695562
715850681147195433
756169282483912806
819566161166598205
763286197836709908
745523796341031003
739607524507910154
755086382581547019
707550269600169984
707083509730115637
617638705200496640
823791451786706964
716651849524052018
496137103386869774
712935837918035969
752169571414311003
758317784047812668
808587252552826910
482578911872548865
820079965957390347
667362906488438794
274293663138447360
762287999991152640
809738620113911888
672180522470080524
808810152462647317
822443750906134578
768926478582546496
518665545470705665
819507897581961226
733705686231547935
204255221017214977
745330947435790339
761416736133742633
756471376788848731
745635995315208213
779181781533327361
499595256270946326
810410028297224202
506650735522480168
795703118679113778
739200361679683659
781536717193740288
693627823117565992
666618688883130368
637888574913511428
541549327185739796
740904983599382611
638924921137004546
726009397708456017
713029206677913641
700886908149956699
738732476364488705
543285359598108672
553491344665083935
805488006379208734
803173916675014688
810781015911825460
580917528994250763
785299897242353694
350606880609009674
511184698521812994
817157032418476072
736910197444050988
662804998471548928
785372959832408075
777900227695869962
746313345442775121
634473064825880586
391059928288198658
790445369002557460
758145802551427133
813673443253157889
791875364598579211
789631433743663186
816229481282535468
732677765517803640
824590969085100064
793639419058847744
725950255245426739
756048137704964118
763009231078948885
764826219949588490
785654730508337163
731237607266058330
767639008007159826
772791592993161229
756228103755268206
718918006893183401
469610550159212554
515159091014926339
740651024171139192
711835271347568680
711981451888820224
717303780638588987
777725454203224075
817301756811411476
768930283239374870
485664480445857813
523469185263599618
761543597316767754
808328263277215756
805367099358314568
728462053559238658
580033957190696990
513288548351475762
624542693409947649
397167045692882961
781435607922507787
440772743101677579
745784517465473085
430426300360949762
743809798969098240
708324472603672599
684448182981492766
775643420420472833
776652904693628940
761743181288046642
772206810065010748
626765132646580225
801997034940268554
651133427101204531
702424186441695243
818168241448026163
745595824725032972
725100149604614185
565731578316062740
734776827268038666
719216081914429472
752805221280776243
783995231447547904
159985870458322944
746771646702157884
787878360159223810
507728343454449665
752901123194749048
769935501372293122
803942850596831252
737043083224547350
751302134137487430
629597612303056907
724665789340450929
796862005461778533
477825965628719104
664859056090906624
613251224329781248
783582325300133919
714347506477170722
705340018088214550
526624483046588437
794246531988717648
823845595776942080
784415684800938056
741408393444720763
692537426031149186
807845987539484682
819643845632851988
703224829171597433
794541751355703318
796664131154346034
767512177589485659
812418713915097118
825228147954942013
800325836971966476
731399967578652714
601692984702009354
811406463523749919
761022558724030515
642349381772771328
775853639189135391
533914882756575233
831225961861218345
722722566355288127
755192886181494815
821692096607813632
690619701856043118
825660802551119893
731943906492547173
820930750529667104
743523497778872513
651078150872236033
679379155590184966
789463323552907276
818143206407405598
337478985946497026
791305868112297995
720660641714798712
823426279411286016
731420407986389083
820946254736654357
811649383384219679
712776137373253735
653551503763701760
780002665701572659
676192756799897610
726664405445771314
714837258645274808
812285720295112724
573647606668853265
813253291579932712
813093768126529546
538172201619292178
681084521868820480
736957468718006342
755386066109857843
784053586648367154
698131252619902996
801433959313047554
337680215406804993
764733942158589982
784300281708937247
710671298317254748
645328499460276224
798450782864277526
725099544366546995
563595902342922240
740090441084436601
763266932236484609
573049648831397910
483422120286748673
453013096705949697
694962570104274997
735256277978185808
814406135699341312
712156249172475935
636527220181041153
816875886719533077
827256620564217918
437808476106784770
815081411932717086
616386433921318913
540627081953017856
783330091819073596
767830620817981510
739646235501133824
800937798462472192
773109291502403605
787745182967267328
645504941695434752
386612222312448000
768092236122292234
767743209861546015
765207209092841472
495552321313308672
715627765335982180
766205419705597973
618806354978537472
776428622604926986
715420467179290654
620537965210370048
802979013646745660
805403826541690942
712621207983226902
743244336065544272
810708560341106718
782340769277149204
718218340480581673
372805143030398976
805686877155360769
718320624338206801
796690147986767893
719483680648855602
462337451592253442
802654319898918952
503203280491642921
696067660030541875
620442110897815562
758142280393293874
408233802260021249
814826636263817218
818093825271660555
652662826535747594
818551126470950973
755316714744315944
796941346593964083
454170339879157760
821351983264956427
800636574063788042
716967712844414996
725948710764150884
706913105711595621
596711585943257098
534048483410313247
683344877160890383
811393832742027334
706858798584692776
798832966221824011
802709864962326558
718344996012687360
752888750618705960
791798125390987276
811294632793210970
826862305077493782
756758853366054972
700247371916771338
749614985516417026
815376863132123166
618817818875527188
811312487953465345
747356948575420467
776142775178756107
802043055322169345
815462534018498571
609706296400281601
825888567490117633
726856775013236907
797964298176954378
753621078508699699
727156734816157717
713260562880135178
524956627284000769
784259090208522311
799646351436415006
592861233686773772
637530538005233664
797133585038835794
822730536200044544
747563528621260841
707595085658849382
674185365166489610
646691513270665227
825277932091473920
732973379468132392
578820004582129664
500006650460241921
743409872829284402
623692568923865107
814418058075832320
681735357401792545
773505859002433546
720323275271700541
814540667308343317
798396578397945956
797805088960938014
734747356985294939
702086706589073538
742126079724224573
819563323795439628
737039426433187881
811087093345943582
338768353348812802
689308170174070850
715156194968469526
800972335468380202
709811463237402635
350618181657952256
787677462855286804
155149108183695360
730468077719781416
821472153962151977
711720218606698537
454883062065397761
689995930917011555
529211181672693760
785922244101931059
691480494013022209
484982522254589966
710993005091487874
824853915953659954
741264038285279232
773597282825142272
764594205833035807
804753560490475601
810298457558483006
799173410500509726
617998416609411083
829586909197762560
239098308134567938
699848609474019398
752669336132649043
716829250769911900
680722628993875991
618704672131252224
478027952173481985
235148962103951360
748686343403602011
813962725297487882
751295135622365287
821635991139123240
759423459960029195
662185903581823057
501834906012352523
493102292212383744
814469123136028672
687904469920514107
742730250978459718
731683055856779275
660394305021673485
443793194631823360
747738497057816636
820128918320185434
647399184827285505
711471735219683360
772974028876808233
777558879533662209
588671250172477451
764218557663543296
664391304012103680
814213012411514911
352643853590855681
739499780258136136
807133764526014494
645961545435709460
770932131328688128
647396908146360322
818864391503478845
822362023899168779
750349037164691528
740745869216841739
737845538942091365
761437760149520444
763854419484999722
743950002241405121
792355091893846066
770651478427041822
721467759778725918
738313484667846697
510438224523558941
731763588728881152
818857729066139648
782226085541576754
775426945437007935
760792582124208158
821178678859268116
709812808224604190
793485374625939486
743820219537031188
771791425595375656
718772159446646875
733552214773202964
796655681234534400
720874647645585419
582537632991543307
793357803465080832
767249480025243669
808593986851700746
823617815876468746
654949437411688448
748502416407920661
785842337724235796
745850644060962868
519866458436665344
801781830730383370
687893762017722370
771299234263072808
569610019230842892
685656428924370970
819580019324092476
758180495875637258
802791624320221184
762638850022703144
384022431146180611
408785106942164992
749301838859337799
822326283467489340
814990245706727475
717055102569021510
735875365771149393
737263172913856595
282859044593598464
706801528740249670
762410146089271296
773065936881582101
745435656557428909
538696507302346753
430990105927483393
706062446296694834
820478264127782952
787550510038384650
302050872383242240
814957100065095780
815080398191198210
515572092557590562
751871830452731936
759469657462800454
363104014075953173
723255990954229771
693279176009973811
645211116309315584
776336446265098240
532896765200957441
780865985140883496
803352617982885918
708587489790656513
720351927581278219
829353401699663872
800680488317747201
778178727518928926
567022115434266654
743755811486171176
781191120574611467
803692963808542801
807983764567359488
738696801020018698
805042217277194280
630387207320109057
744977260414632087
820893197647216652
798389367524950056
786694354374492190
756337408429129789
834598464364740668
722078030801141829
776260557887635487
778993307216117771
515516429026590730
761587629555843093
560564304169140224
764763564442779648
729696018064605285
755767056665804852
825384787191267368
719030930018402334
831197455725887551
775626741762621460
588554289480335370
491412437296349185
544136990258495489
266561426171232257
650156457572040766
800092310070231080
816256077179125780
786323375794028574
754531317911126076
797342914048819221
824940385532641301
758526487527292988
779238082758574100
682056591742337029
554100158112202783
699090954862329948
700287198682939493
724109141005566033
817230917671452702
812870486341976115
818818012076572673
723710170701758464
765465607381450814
779375054421098526
789031732317913109
805455242753736724
776050897376903181
747543655941669006
786894929271455806
811222854619496458
270904126974590976
768864900256497685
710027691428151336
784766868879573032
730811284404174909
725006666281517107
818139461879595029
723912270366769154
470117994694180884
782992126987468841
769331375140372510
821294605236437033
812936756830928917
717226894747107339
780313541952405516
786298617152536577
803094682673741825
588946445684572190
825246761386901514
778546663660584961
750714165793914890
802626849675018280
745367353440862258
460491989306048523
294882584201003009
816923394431123476
809342283962384395
493716749342998541
717342176517816340
449980415734841345
720632614490210344
692417219522723870
809202683532804159
754656889614368789
818834334294736896
735903816431435896
818395981572734996
677336989950803987
818567173080612894
736578980991336518
780058185238839337
799689002693165097
702503117178273854
807256942133248050
715138660244389899
645921427215613953
774279004449931325
826804423853342782
692904007076675604
250747213796474881
545953748456046612
728447025548361839
819645268554940436
774720343440228392
788828949551644712
760542231592829011
749137591110074408
820940654317535274
763389085452075028
777314950850936882
800216245541928980
614253684775190528
779665222805094410
454827140647616523
640912062184292371
834599415276240986
759801091557818371
788997255700938784
764002752979402752
826468432227729449
831076263283261471
747465356674596945
752420376528552076
825072006595739648
823483309636059136
825015997991092224
726976424845639730
791665669027790899
831258042653081670
795470793122381875
569575357557112853
807128282368573471
751423183277654016
818720043763761183
763999742840537090
771931114789011497
713874283184783394
794439934076387378
637053927967162368
787347024323936276
771715296813645824
806710071077109780
824132265873375232
762006997641068574
721407951809675365
713068540055519293
746938881773011058
708022054003277885
742341528982388839
816981116015738880
792947563635539969
773554392464490536
675608557261160448
800459341231554621
709767900927492100
774349225164013640
819782401369702401
798591000510464000
795291969190363178
784693019352891413
793491133749133353
735835024619864085
794881544996388874
816680350235099196
825708568065212428
467482373588516867
726095405577666630
258309769738059777
728572311552262195
767113826365341696
749208255858999327
762946462707220510
759760769587216396
727185241428590655
777694620829220865
736573791572066324
720708948868726875
740190262978150431
826493707518738494
676875337019293696
800929243869347910
821180364994117654
784638115259088947
767553324387532830
819109206883434497
183978080723927041
677085182213226519
793738529062518847
754022346691575908
818538769456168990
823249513112141835
590081574008127488
698886600960245790
770837372827861003
671814013537091594
531234245499158528
763989187417735199
824839836216459295
822859484052717609
808015410602836018
824150793996730419
733574571638390864
781755308154028033
810333755398160385
634955692037373963
751053442440757268
485309018475331606
796389312669155389
779514115076915250
416470360137924608
659871671921934368
587302087768145921
748018150666272768
702525952596508683
750643036551381033
587196182296526858
764801843809222676
810749971204014162
794040155484848178
776020211916079104
769192128894205992
810987696172171275
557548818288214027
813833334835642388
695851879439138856
803781576164507671
734519354984497234
769057055935037450
754922327380197456
787864718248509441
740318591488098424
777185387658346546
709760608274219139
806538805410267158
799659929597116426
500707172355670016
484957496021090324
753796242101895169
776650192354803754
643425335924490260
798731372440190977
715099702756114502
654271699558334474
682004754561237058
730482354539462767
777860734897094687
789708737639088139
330335363367305216
781168675331244042
721199161793576960
822150499016769537
823353953374699602
730407915277647964
745860609761083413
811259060565442611
761083001727221793
482936986345144348
797337653645017091
771295200327761920
792107587214508084
784579225356861521
763676534253813781
773472921750077460
677128590533459970
715131384192172034
716125406385930260
612948989955801095
761645914372571198
768377415843053578
450259298103066634
480685595295744011
783641402503725068
693050280345993216
809700498219335730
617110969835061293
781045883738783755
759701874625478716
534564852098793473
800713994112598096
632855274729766933
711975498049388545
683179589878808580
332577495876501504
790158088983937055
780704897133576213
415095926038855680
790512220765028362
710665673256206400
630301047394664448
635357793993359370
759707039718309940
810771806423482381
625590535465205770
716836937087975485
700406785827405895
742991323681914963
739120568888066171
242675649322549248
792652820918698014
697442068766785556
359065706815553539
385704619176624130
794616333571719178
557845664587841537
811822963904872457
750552009014378496
793358802996822048
793867655488471050
710895185759961139
116275390695079945
782841302832250882
707832956307374110
809891915838521354
789892391631847455
251645152911818752
765283364013080637
788119138400731217
496705491452428288
768441263938600961
826804198670467072
817265544394309643
742914782247518319
822916595709116456
409143066511802379
820094270832115762
765821167960850493
734736769605697567
804995219401080853
816990858515709962
298915517408870400
719852825940721694
705959164194586774
778976484798103613
763862298489520139
706352117614510162
720858580885962845
650200336514023425
703539549233741854
747465308666724513
752935880246820884
820812313274744835
770006949587582985
817722265838813205
733991530783834115
817700245332426753
811176889498075158
573952469776859146
778524525595721728
816741362468782080
766401139016597545
673930439173341239
821732156740861955
782370450651086878
742303014483787847
779339244971491368
812241026219376640
557628352828014614
608299193647366164
802143256460001300
298822483060981760
791349473002520606
796291678994432050
715538368775323650
798886742375399434
695208594077122581
798465502564319242